  -1.3667150e+01
  -1.0339614e+01
  -1.2169284e+01
  -1.2288660e+01
  -1.1548817e+01
  -8.5934475e+00
  -1.3216453e+01
  -1.6839963e+01
  -1.6064630e+01
  -2.0986728e+01
  -9.7319374e+00
  -1.7407307e+01
  -1.9763353e+01
  -1.8966345e+01
  -1.7843336e+01
  -2.3679977e+01
  -2.8568938e+01
  -1.9592534e+01
  -2.7376547e+01
  -2.2780475e+01
  -1.5215598e+01
  -7.4469246e+00
  -1.7474783e+00
   2.9113247e+00
   2.4447860e+01
   3.8702549e+01
   5.2790183e+01
   5.4107798e+01
   5.5659520e+01
   5.1164495e+01
   4.6749159e+01
   5.2674556e+01
   5.8004325e+01
   5.8451481e+01
   5.3315973e+01
   1.5663514e+01
   6.8831799e+00
  -1.7061281e+01
  -1.8806555e+01
  -2.4058065e+01
  -3.0778707e+01
  -5.4364242e+01
  -6.0576001e+01
  -6.4521710e+01
  -5.1077887e+01
  -6.0796967e+01
  -4.4554258e+01
  -4.9022431e+01
  -6.1012552e+01
  -6.7863346e+01
  -7.0431498e+01
  -6.1222835e+01
  -6.5163216e+01
  -6.7898392e+01
  -5.7700753e+01
  -6.4059339e+01
  -9.7094153e+00
  -6.8117389e+00
  -5.6635076e+00
   8.3426539e+00
   1.9823218e+01
   2.8573016e+01
   3.7694476e+01
   4.2100049e+01
   4.9381805e+01
   5.6845626e+01
   5.8317296e+01
   6.8841899e+01
   8.0275839e+01
   1.0620464e+02
   1.0324025e+02
   1.1325145e+02
   1.0478826e+02
   8.7853410e+01
   9.7444715e+01
   8.5475315e+01
   1.0323801e+02
   8.1574440e+01
   6.1277599e+01
   5.7917822e+01
   5.9671936e+01
   6.0831947e+01
   5.8252402e+01
   2.1094890e+01
  -1.4639841e+00
  -1.0405989e+01
  -2.7203420e+01
  -4.1951447e+01
  -4.4611530e+01
  -3.7461090e+01
  -4.2439620e+01
  -4.6146694e+01
  -3.4931943e+01
  -3.4517627e+01
  -2.4614558e+01
  -3.6231640e+01
  -4.6531486e+01
  -5.0785532e+01
  -3.3051184e+01
  -2.9457355e+01
  -1.9858401e+01
  -1.6725043e+01
  -2.2029539e+01
  -2.4508613e+01
  -2.5236423e+01
  -2.1320472e+01
  -1.9886132e+01
  -3.6283087e+01
  -4.9659908e+01
  -4.5565846e+01
  -4.5898728e+01
  -4.4014817e+01
  -3.6262120e+01
  -4.1032652e+01
  -4.4824106e+01
  -4.7525634e+01
  -4.7680687e+01
  -3.3446386e+01
  -3.3921893e+01
  -3.8488814e+01
  -3.8957072e+01
  -3.9262655e+01
  -3.9723824e+01
  -4.0337629e+01
  -2.3231291e+01
  -1.7662395e+01
  -2.6261208e+01
  -2.6698293e+01
  -1.4427586e+01
  -1.8460137e+01
  -4.4327056e+00
  -7.4302163e+00
  -1.6703787e+01
  -1.1247457e+01
   6.6575796e+00
   8.6411717e+00
   2.8450080e+01
   4.5739763e+01
   5.3770784e+01
   3.6680262e+01
   4.3253408e+01
   4.3185504e+01
   4.8701223e+01
   3.4894758e+01
   3.4278003e+01
   3.9638652e+01
   4.1621385e+01
   5.9958500e+01
   6.3120888e+01
   5.6366051e+01
   4.4258594e+01
   5.3017686e+01
   5.4272687e+01
   5.4163377e+01
   6.3994933e+01
   6.7638696e+01
   6.3335877e+01
   6.1152722e+01
   4.9635925e+01
   4.5290911e+01
   3.5227415e+01
   4.0488451e+01
   3.2144838e+01
   1.4556926e+01
   1.2488320e+01
   1.5026804e+01
   1.4064602e+01
   7.1256213e+00
   2.5550502e+00
  -6.7808250e+00
   2.4501014e+00
   1.0401700e+01
   7.2602461e+00
  -1.7076919e+01
  -4.1370803e+01
  -4.3710282e+01
  -2.7900275e+01
  -2.7328150e+01
  -2.4728825e+01
  -1.9971747e+01
  -1.7936512e+01
  -1.3056102e+01
  -1.0160993e+01
  -7.4669545e+00
  -7.6675021e+00
  -2.2599238e+01
  -3.3849009e+01
  -3.4887572e+01
  -3.1864989e+01
  -2.8891235e+01
  -2.1508788e+01
  -3.1826243e+01
  -2.9955262e+01
  -2.3319647e+01
  -1.9065979e+01
  -1.5089381e+01
  -1.5719095e+01
  -2.4567057e+01
  -2.9451170e+01
  -2.8597381e+01
  -2.5448642e+01
  -2.4171848e+01
  -1.6621585e+01
  -1.9774565e+01
  -2.3324924e+01
  -2.7649664e+01
  -2.5914593e+01
  -2.0926443e+01
  -2.4943926e+01
  -3.4443315e+01
  -5.0182986e+01
  -5.7637119e+01
  -5.0082251e+01
  -3.7006667e+01
  -3.6181096e+01
  -3.6025029e+01
  -3.7773502e+01
  -5.1721079e+01
  -5.5358011e+01
  -6.1516020e+01
  -6.6347500e+01
  -6.9302967e+01
  -8.0923162e+01
  -7.8254117e+01
  -5.4208855e+01
  -4.8755767e+01
  -5.1070186e+01
  -6.0055493e+01
  -4.6453760e+01
  -4.1720430e+01
  -3.5006541e+01
  -2.5104695e+01
  -1.9351413e+01
  -3.0634253e+01
  -3.3573269e+01
  -1.8684939e+01
  -2.2227343e+01
  -1.7220755e+01
  -1.2203690e+01
  -5.0089463e+00
   3.0117773e+00
   1.4265313e+01
   1.9364376e+01
   1.1828125e+01
   5.3840985e+00
  -4.9222225e+00
  -1.1275245e+01
  -9.2027242e+00
  -4.6493454e+00
  -1.7346039e+00
   8.0474744e+00
   1.1524033e+01
   1.7996313e+01
   1.2438718e+01
   1.7765172e+01
   1.7203118e+01
   2.1764717e+01
   3.3579598e+00
   1.2854506e+00
   2.6719297e+00
   4.1534191e+00
   1.0865972e+01
   1.8413121e+01
   1.4831736e+01
   1.6767373e+01
   1.3337575e+01
   1.2790409e+01
   2.9588460e+00
  -5.9401646e+00
  -1.4763907e+01
  -2.4740770e+01
  -1.5720627e+01
  -1.8312986e+01
  -1.4292531e+01
  -9.3247590e+00
  -4.3971108e-02
   5.8749332e-01
   1.0347710e+01
   1.8292110e+01
   1.0844130e+01
   1.4683707e+01
   1.6872115e+01
   8.4032563e+00
   3.2463570e+00
   6.3592419e+00
   1.0705983e+01
   1.1308242e+01
   5.8724229e+00
   3.0022996e+00
  -1.0347949e+01
  -1.7670867e+01
  -2.1482275e+01
  -1.3810444e+01
  -2.1810475e+01
  -3.1232877e+01
  -3.1180663e+01
  -3.2542533e+01
  -3.1944049e+01
  -1.9172975e+01
  -7.3635737e+00
  -1.1981071e+01
  -9.8129380e+00
  -1.6898044e+00
   2.3462086e+00
   8.4317076e+00
   5.0986759e+00
  -6.3797527e+00
  -5.6918131e+00
  -3.5182127e+00
  -7.0595633e+00
  -1.2633745e+01
  -1.7804709e+01
  -1.8283902e+01
  -2.4355863e+01
  -2.4977699e+01
  -1.2747783e+01
   1.5790443e-01
  -9.1675679e+00
  -5.1827418e+00
   6.7280039e-02
   3.7493778e+00
   2.0093045e+01
   2.2940402e+01
   2.9711066e+01
   3.0813698e+01
   2.9372353e+01
   3.9195776e+01
   4.1755675e+01
   4.1330607e+01
   2.9871009e+01
   2.8100691e+01
   3.3941230e+01
   3.0127180e+01
   1.4224126e+01
   1.0585722e+01
   8.6737637e+00
   3.6574186e+00
  -3.9444652e+00
  -7.7134812e+00
  -2.9240417e+00
  -5.7319341e+00
  -1.6405728e+01
  -2.9330158e+01
  -3.2189736e+01
  -3.7629795e+01
  -2.8331888e+01
  -3.8559696e+00
  -1.4128078e+00
  -3.0588102e+00
  -4.7314469e+00
  -2.2838166e+00
  -8.5605248e+00
  -1.5989278e+01
  -1.6475195e+01
  -1.1298887e+01
  -1.4869350e+01
  -1.4714482e+01
  -1.2668313e+01
  -1.9417167e+01
  -1.9469059e+01
  -2.6031367e+01
  -4.1867563e+01
  -3.4830378e+01
  -4.1749029e+01
  -4.2128933e+01
  -5.1031774e+01
  -5.7670825e+01
  -6.2625649e+01
  -5.3772238e+01
  -4.1761195e+01
  -4.4284884e+01
  -5.6478976e+01
  -6.2059994e+01
  -5.7860860e+01
  -4.3192825e+01
  -4.8234981e+01
  -3.4109664e+01
  -4.1153524e+01
  -4.2623348e+01
  -3.5867068e+01
  -2.6982934e+01
  -1.1425269e+01
  -1.1805943e+01
  -1.1199049e+01
  -9.2596267e+00
  -7.9085674e+00
   6.7733108e+00
   9.8634976e+00
   5.8825794e+00
   4.6571151e+00
   6.3475136e+00
   7.8088064e+00
   1.1818367e+01
   1.3094310e+01
   1.2399243e+01
   5.5542762e+00
   2.4460901e+00
  -3.3255380e+00
  -1.6674584e+00
  -5.9508391e+00
  -5.6645147e+00
  -1.0745730e+01
  -2.3581946e+01
  -4.4244266e+01
  -4.8103098e+01
  -5.2751703e+01
  -5.7430497e+01
  -5.5463224e+01
  -4.8683839e+01
  -4.5613375e+01
  -3.5342456e+01
  -3.4497429e+01
  -3.8608388e+01
  -4.2240312e+01
  -4.2997040e+01
  -4.1695630e+01
  -2.5168961e+01
  -1.0823560e+01
  -4.0890401e+00
   9.1164626e+00
   1.0515834e+01
   8.9537651e+00
   1.8959211e+01
   3.0458345e+01
   3.8574386e+01
   3.4285341e+01
   3.6717877e+01
   4.0653994e+01
   4.7958719e+01
   1.0072416e+02
   1.0291013e+02
   1.1092117e+02
   1.2328349e+02
   1.2738031e+02
   1.2130653e+02
   1.0795100e+02
   8.5515975e+01
   6.3874269e+01
   9.0319655e+01
   1.0028667e+02
   9.9467907e+01
   1.0829111e+02
   1.2366194e+02
   1.2771300e+02
   1.0756943e+02
   1.0798867e+02
   1.1096798e+02
   1.0765876e+02
   8.6703194e+01
   5.8009631e+01
   3.6190771e+01
   3.5161396e+01
   5.7906969e+01
   6.9912068e+01
   6.2519777e+01
   5.1221384e+01
   3.6862995e+01
   4.4723243e+01
   5.0893721e+01
   4.5272469e+01
   4.4208263e+01
   5.4839824e+01
   6.5992483e+01
   8.4688793e+01
   9.4470824e+01
   9.4814627e+01
   9.8879931e+01
   1.0193375e+02
   1.0480419e+02
   1.0314413e+02
   1.1805624e+02
   1.2954387e+02
   1.3997469e+02
   1.2955584e+02
   1.4252964e+02
   1.5172738e+02
   1.6901107e+02
   1.8842220e+02
   1.8893667e+02
   1.8206056e+02
   1.5009095e+02
   1.4580525e+02
   1.6157379e+02
   1.6425459e+02
   1.9072872e+02
   1.8417588e+02
   1.6996585e+02
   1.5146628e+02
   1.1180655e+02
   1.1621450e+01
  -6.5609642e+01
  -7.4349940e+01
  -5.4707063e+01
   1.4746739e+01
   2.2545987e+01
   6.0462207e+00
   4.8665831e+01
   8.8898177e+01
   7.6249781e+01
   5.3601709e+01
   4.0296555e+01
   5.5699010e+01
   9.1665374e+01
   8.1954231e+01
   7.0058605e+01
   5.3522550e+01
   7.1687731e+01
   6.6587269e+01
   9.0021757e+01
   6.8492613e+01
   2.0435568e+01
   4.4622356e+01
   5.5787726e+01
   5.4651055e+01
   3.9703968e+01
   2.6127875e+01
  -1.1158361e+01
  -2.8390022e+01
  -5.2917001e+00
  -1.6176427e+01
  -1.5624861e+01
  -9.6481320e+00
  -1.4577581e+01
  -1.3163608e+01
   1.5079345e+01
   2.7059351e+01
   1.4893770e+01
   1.6850583e+01
  -4.1917913e+01
  -8.1116258e+01
  -6.1063526e+01
  -4.3821945e+01
  -3.5828364e+01
  -5.1682876e+01
  -3.9585881e+01
  -7.2821349e+01
  -8.0454898e+01
  -5.0760445e+01
  -4.3113483e+01
  -6.0948411e+01
  -7.1449310e+01
  -7.5203142e+01
  -5.8533495e+01
  -5.8392721e+01
  -6.0884453e+01
  -5.0995269e+01
  -3.3272734e+01
  -3.6508547e+01
   7.0931957e+00
   1.8596738e+01
  -3.1636117e-01
   3.3039424e+01
  -6.1843694e+00
  -3.1722964e+01
  -5.3611439e+00
  -4.0424209e+01
  -4.5736436e+01
  -5.4096573e+01
  -6.7649027e+01
  -5.1087563e+01
  -3.2850371e+01
  -3.4616975e+01
  -1.5195306e+01
  -5.2867853e+01
  -7.4715320e+01
  -1.0439441e+02
  -9.7934568e+01
  -9.5229085e+01
  -9.4435667e+01
  -7.8760467e+01
  -4.5439390e+01
  -3.6422003e+01
  -5.4175958e+01
  -6.5494716e+01
  -9.6336738e+01
  -1.0752283e+02
  -1.3693991e+02
  -1.5964415e+02
  -1.3743587e+02
  -9.1577746e+01
  -8.9634475e+01
  -9.1717078e+01
  -7.6362982e+01
  -8.1395250e+01
  -6.0707069e+01
  -5.5972581e+01
  -3.4909246e+01
  -3.7135632e+01
  -5.1956826e+01
  -6.9683152e+01
  -2.8644648e+01
  -2.1800630e+01
  -4.4332471e+01
  -5.6597819e+01
  -5.1297552e+01
  -2.8399926e+01
  -1.0943209e+01
  -2.3399831e+00
  -4.5441754e+00
   6.1590725e+00
  -2.0548653e+01
  -3.0570969e+01
  -2.7793694e+01
  -3.0030012e+01
  -1.6567860e+01
  -1.2147752e+01
   7.8212710e+00
   1.1396762e+01
  -5.2728086e+00
   1.2477412e+00
  -2.4474143e+01
  -1.2968964e+01
  -3.5540063e+01
  -8.8089770e+01
  -8.0482228e+01
  -6.7825036e+01
  -3.8456778e+01
  -2.5872130e+01
   2.0583940e+01
   2.6491686e+01
   3.9451190e+01
   1.8273159e+01
  -7.0036794e+00
  -9.7865725e+00
  -7.7565735e+01
  -1.1939380e+02
  -9.2277997e+01
  -8.1339246e+01
